 Questão 1
 A
   3.42000008      0.900000036      0.540000021      0.180000007      0.360000014      0.180000007    
  0.900000036       3.60000014      0.900000036      0.540000021      0.180000007      0.360000014    
  0.540000021      0.900000036       3.42000008      0.900000036      0.180000007      0.360000014    
  0.180000007      0.540000021      0.900000036       2.88000011      0.180000007      0.360000014    
  0.360000014      0.180000007      0.180000007      0.180000007       2.70000005      0.540000021    
  0.180000007      0.360000014      0.360000014      0.360000014      0.540000021       2.51999998    
 Auto-vetor do maior auto-valor
   1.00000000       1.31398010       1.21700871      0.811164916      0.421268225      0.515304863    
 Maior auto-valor
   5.65050602    
 Tolerância
   9.99999975E-05
 Numero de iterações
          10


 A
   2.50890160      -1.15635904E-11  -3.07018454E-05   1.78367354E-05   4.36571028E-08   1.24662776E-07
  -1.57306204E-08   5.64973879       1.20760058E-06   1.37067971E-07   4.87674479E-05  -1.74316725E-07
  -3.05037320E-05   1.13079682E-06   3.23944974       8.27074231E-08   4.42282584E-08   7.18580964E-08
   1.78414084E-05   2.28130244E-08   0.00000000       2.16551614       1.68270429E-08   2.35763949E-07
  -1.10676570E-08   4.88638252E-05  -2.98176239E-08  -1.37670431E-12   2.97713971       7.41714684E-05
   1.30406576E-07   8.95652736E-12  -3.15819343E-10   2.76676019E-07   7.39729803E-05   1.99925518    
 Auto-vetor do maior auto-valor
  0.513506711      0.434101045     -0.690601587      0.202950493       9.38117132E-03  0.172220260    
 -0.709222794      0.570520759     -0.215916812      -1.41310981E-02 -0.317138880     -0.155281007    
  0.383252978      0.528258801      0.438796312     -0.592159808     -0.175529867      -7.32511468E-03
  0.125131756      0.351969928      0.509770989      0.765110433       3.06557976E-02 -0.119410984    
  -3.18571217E-02  0.182373807      -9.00743008E-02 -0.142658368      0.760399461     -0.599210083    
 -0.264117837      0.223297760      0.126203954      -4.70404923E-02  0.537937701      0.756876945    
  0.513506711     -0.709222794      0.383252978      0.125131756      -3.18571217E-02 -0.264117837    
 Todos os auto-valores
   2.50890160       5.64973879       3.23944974       2.16551614       2.97713971       1.99925518    
 Tolerância
   9.99999975E-05
 Numero de iterações
          33


 Decomposição LU
 X
   8.50352573      0.636443853       2.62501764      -5.09826612      -1.39913952       1.93894851      
 

 Cholesky
 X
   8.50352478      0.636444151       2.62501717      -5.09826565      -1.39913940       1.93894851  


 Gauss Seidel
 X
   8.50352573      0.636444092       2.62501717      -5.09826565      -1.39913952       1.93894851    
 Tolerância
   9.99999975E-06
 Número de iterações
        1001


 Determinante
   591.850586    
  

Questão 2
 X
  -2.70000005      -1.00000000       0.00000000       1.00000000       1.60000002       3.09999990    
 Y
   1.80000007       2.75999999       3.60000014       4.50000000       5.10000038       5.70000029    
 Coeficiente a
   3.67130184    
 Coeficiente b
  0.716094851    



Questão 3
 A matriz A não é diagonal dominante.
