 A
   3.42000008      0.900000036      0.540000021      0.180000007      0.360000014      0.180000007    
  0.900000036       3.60000014      0.900000036      0.540000021      0.180000007      0.360000014    
  0.540000021      0.900000036       3.42000008      0.900000036      0.180000007      0.360000014    
  0.180000007      0.540000021      0.900000036       2.88000011      0.180000007      0.360000014    
  0.360000014      0.180000007      0.180000007      0.180000007       2.70000005      0.540000021    
  0.180000007      0.360000014      0.360000014      0.360000014      0.540000021       2.51999998    
 Auto-vetor transposto do maior auto-valor
   1.00000000       1.31423855       1.21690953      0.810825527      0.420197308      0.514453530    
 Maior auto-valor
   5.64978981    
 Tolerância
   9.99999975E-06
 Numero de iterações
          15
 ----------------------------------------------
 Auto-vetor do maior auto-valor
  0.513488233      0.434101224     -0.690623164      0.202923819       9.38629732E-03  0.172219545    
 -0.709232569      0.570514977     -0.215887010      -1.40942484E-02 -0.317161083     -0.155256957    
  0.383240670      0.528255582      0.438780218     -0.592179716     -0.175540075      -7.31180096E-03
  0.125192940      0.351970494      0.509765744      0.765103936       3.06403041E-02 -0.119413309    
  -3.18683200E-02  0.182387710      -9.00729597E-02 -0.142656714      0.760350645     -0.599267781    
 -0.264114976      0.223307595      0.126215056      -4.70267683E-02  0.537991047      0.756836116    
 Todos os auto-valores
   2.50890160       5.64973879       3.23944974       2.16551614       2.97713971       1.99925518    
 Tolerância
   9.99999975E-06
 Numero de iterações
          37
 ----------------------------------------------
 Decomposição LU
 X
   8.50352573      0.636443853       2.62501764      -5.09826612      -1.39913952       1.93894851    
 ----------------------------------------------
 Decomposição Cholesky
 X
   8.50352478      0.636444151       2.62501717      -5.09826565      -1.39913940       1.93894851    
 ----------------------------------------------
 Decomposição Gauss-Seidel
 X
   8.50352955      0.636443138       2.62501788      -5.09826612      -1.39914036       1.93894863    
 Tolerância
   9.99999975E-06
 Numero de iterações
           9
 ----------------------------------------------
 Determinante
   591.850586    
 ----------------------------------------------
